69
72
72
72
72
68
68
72
72
72
71
71
71
71
71
71
71
71
71
71
71
74
74
72
74
72
72
74
74
74
74
62
62
62
62
62
62
62
70
70
70
69
69
69
69
69
69
69
69
69
69
69
68
68
70
68
70
70
70
70
70
70
66
67
67
67
67
67
67
62
63
62
63
63
63
63
63
63
63
63
63
63
63
64
64
64
64
64
64
64
64
64
64
65
65
65
65
65
65
65
65
66
66
67
67
67
67
67
66
66
66
66
66
66
73
73
73
73
73
73
73
73
73
73
61
61
61
61
61
61
61
61
58
65
58
58
58
58
58
58
58
58
68
58
68
56
56
56
56
56
56
56
56
56
56
54
59
59
59
59
59
59
61
60
60
60
60
60
60
60
60
60
60
60
60
60
57
57
57
57
57
57
57
57
57
57
50
55
55
55
55
55
55
54
54
54
55
55
55
55
55
54
54
54
54
54
54
59
59
59
59
53
59
53
53
53
53
91
51
51
51
51
51
51
51
51
51
50
50
50
50
50
50
50
50
50
50
50
52
52
52
52
52
52
52
52
52
52
89
88
88
88
88
88
88
91
91
91
92
92
92
92
92
91
91
91
91
91
91
90
90
90
90
90
90
90
90
90
90
96
97
97
97
97
97
97
89
89
89
88
88
88
88
89
89
89
89
89
89
89
87
87
87
87
87
87
87
87
87
87
95
99
99
99
99
99
99
96
96
96
96
96
96
96
96
96
96
96
96
96
96
98
98
98
98
98
98
98
98
98
98
77
94
94
94
94
94
94
94
95
94
95
95
95
95
95
95
95
95
95
95
95
93
93
93
93
93
93
93
93
93
93
79
75
75
75
75
75
75
77
77
77
75
75
75
75
75
77
77
77
77
77
77
76
76
76
76
76
76
76
76
76
76
85
80
80
80
80
80
80
80
80
80
79
79
79
79
79
79
79
79
80
79
80
78
78
78
78
78
78
78
78
78
78
83
85
85
85
86
86
86
85
85
85
86
86
86
86
85
86
86
86
85
85
85
84
84
84
84
84
84
84
84
84
84
12
83
83
83
83
83
83
83
82
82
82
82
82
82
82
82
82
82
82
82
82
92
92
81
92
81
81
81
81
81
81
14
14
14
14
14
14
14
14
12
12
17
17
17
17
17
12
12
12
12
12
12
16
16
16
16
16
16
16
16
16
16
21
24
24
24
24
24
24
14
13
14
13
13
13
13
13
13
13
13
13
13
13
15
15
15
15
15
15
15
15
15
15
21
21
21
21
24
24
24
21
21
21
22
22
22
22
22
22
22
22
22
22
22
23
23
23
23
23
23
23
23
23
23
5
20
20
20
20
20
20
20
19
20
19
19
19
19
19
21
19
21
19
19
19
18
18
18
18
18
18
18
18
18
18
2
5
5
5
5
5
5
5
4
5
4
4
4
4
4
4
4
4
4
4
4
3
3
3
3
3
3
3
3
3
3
10
17
2
2
17
17
17
2
2
2
1
1
1
1
1
2
2
2
2
2
2
0
0
0
0
0
0
0
1
1
1
8
8
9
9
8
8
8
9
10
10
11
11
11
11
11
10
10
10
10
10
10
11
11
11
11
11
11
11
11
11
11
29
9
9
9
9
9
9
8
8
8
7
7
7
7
7
7
7
7
7
7
7
6
6
6
6
6
6
6
6
6
6
26
26
29
29
29
30
30
29
29
29
30
30
30
30
30
29
29
29
29
30
29
28
28
28
28
28
28
28
28
28
28
31
31
31
31
25
25
25
31
26
26
27
27
27
27
27
26
26
26
26
26
26
27
27
27
27
26
27
25
25
25
25
36
31
34
31
34
34
34
31
32
31
32
32
32
32
32
31
32
31
32
32
32
33
33
33
33
33
33
33
33
33
33
41
42
42
36
42
42
42
36
36
36
34
34
34
34
34
36
34
36
36
36
36
35
35
35
35
35
35
35
35
35
35
39
39
39
39
39
39
39
41
41
41
42
42
42
42
42
41
41
41
41
41
41
40
40
40
40
40
40
40
40
40
40
43
43
43
43
43
43
43
43
38
38
38
38
38
38
38
39
38
39
38
38
38
37
37
37
37
37
37
37
37
37
37
48
45
45
45
45
45
45
45
44
44
44
44
44
44
44
44
44
44
44
44
44
47
47
47
47
47
47
47
47
47
47
46
46
46
46
46
46
46
48
48
48
46
46
46
46
46
48
48
48
48
48
48
49
49
49
49
49
49
49
49
49
49
72
72
72
72
72
72
68
68
68
68
68
68
72
72
72
72
72
72
71
71
71
71
71
71
71
71
71
71
72
72
71
71
72
72
71
71
71
71
71
71
74
74
74
74
74
74
72
72
72
72
72
72
74
74
74
74
74
74
74
74
74
74
62
62
62
62
62
62
62
62
62
62
62
62
70
70
69
69
70
70
69
69
69
69
69
69
69
69
69
69
70
70
69
69
70
70
69
69
69
69
69
69
68
68
68
68
68
68
70
70
70
70
70
70
70
70
70
70
70
70
70
70
68
68
67
67
67
67
67
67
67
67
67
67
67
67
62
62
62
62
63
63
63
63
63
63
63
63
62
62
63
63
63
63
63
63
63
63
63
63
62
62
63
63
64
64
64
64
64
64
64
64
64
64
64
64
64
64
64
64
64
64
64
64
64
64
65
65
65
65
65
65
65
65
65
65
65
65
65
65
66
66
66
66
67
67
67
67
67
67
66
66
66
66
66
66
66
66
66
66
66
66
66
66
66
66
73
73
73
73
73
73
73
73
73
73
73
73
73
73
73
73
73
73
73
73
73
73
61
61
61
61
61
61
61
61
61
61
61
61
61
61
65
65
58
58
58
58
58
58
58
58
65
65
58
58
58
58
58
58
58
58
58
58
65
65
68
68
56
56
56
56
56
56
56
56
56
56
56
56
56
56
56
56
56
56
56
56
56
56
59
59
59
59
59
59
59
59
59
59
59
59
61
61
61
61
60
60
60
60
60
60
60
60
61
61
60
60
60
60
60
60
60
60
60
60
61
61
60
60
57
57
57
57
57
57
57
57
57
57
57
57
57
57
57
57
57
57
57
57
57
57
55
55
55
55
55
55
55
55
55
55
55
55
54
54
54
54
54
54
55
55
55
55
55
55
54
54
54
54
54
54
54
54
54
54
54
54
54
54
54
54
59
59
59
59
59
59
53
53
59
59
53
53
53
53
53
53
53
53
53
53
59
59
51
51
51
51
51
51
51
51
51
51
51
51
51
51
50
50
51
51
50
50
50
50
50
50
50
50
50
50
51
51
50
50
51
51
50
50
50
50
50
50
52
52
52
52
52
52
52
52
52
52
52
52
52
52
52
52
52
52
52
52
52
52
88
88
88
88
88
88
88
88
88
88
88
88
91
91
91
91
91
91
92
92
92
92
92
92
91
91
91
91
91
91
91
91
91
91
91
91
91
91
91
91
90
90
90
90
90
90
90
90
90
90
90
90
90
90
90
90
90
90
90
90
90
90
97
97
97
97
97
97
97
97
97
97
97
97
97
97
89
89
89
89
88
88
88
88
88
88
89
89
89
89
89
89
89
89
89
89
89
89
89
89
89
89
87
87
87
87
87
87
87
87
87
87
87
87
87
87
87
87
87
87
87
87
87
87
99
99
99
99
99
99
99
99
99
99
99
99
96
96
96
96
96
96
96
96
96
96
96
96
96
96
96
96
96
96
96
96
96
96
96
96
96
96
96
96
98
98
98
98
98
98
98
98
98
98
98
98
98
98
98
98
98
98
98
98
98
98
94
94
94
94
94
94
94
94
94
94
94
94
94
94
95
95
95
95
95
95
95
95
95
95
95
95
95
95
95
95
95
95
95
95
95
95
95
95
95
95
93
93
93
93
93
93
93
93
93
93
93
93
93
93
93
93
93
93
93
93
93
93
75
75
75
75
75
75
75
75
75
75
75
75
77
77
77
77
77
77
75
75
75
75
75
75
77
77
77
77
77
77
77
77
77
77
77
77
77
77
77
77
76
76
76
76
76
76
76
76
76
76
76
76
76
76
76
76
76
76
76
76
76
76
80
80
80
80
80
80
80
80
80
80
80
80
80
80
79
79
80
80
79
79
79
79
79
79
79
79
79
79
80
80
79
79
80
80
79
79
79
79
80
80
78
78
78
78
78
78
78
78
78
78
78
78
78
78
78
78
78
78
78
78
78
78
85
85
85
85
85
85
86
86
86
86
86
86
85
85
85
85
85
85
86
86
86
86
86
86
85
85
86
86
85
85
86
86
85
85
85
85
85
85
85
85
84
84
84
84
84
84
84
84
84
84
84
84
84
84
84
84
84
84
84
84
84
84
83
83
83
83
83
83
83
83
83
83
83
83
83
83
83
83
82
82
82
82
82
82
82
82
83
83
82
82
82
82
82
82
82
82
82
82
83
83
82
82
92
92
92
92
92
92
81
81
81
81
81
81
81
81
81
81
81
81
81
81
92
92
14
14
14
14
14
14
14
14
14
14
14
14
14
14
12
12
12
12
17
17
17
17
17
17
12
12
17
17
12
12
12
12
12
12
17
17
12
12
12
12
16
16
16
16
16
16
16
16
16
16
16
16
16
16
16
16
16
16
16
16
16
16
24
24
24
24
24
24
24
24
24
24
24
24
14
14
14
14
13
13
13
13
13
13
13
13
14
14
13
13
13
13
13
13
13
13
13
13
14
14
13
13
15
15
15
15
15
15
15
15
15
15
15
15
15
15
15
15
15
15
15
15
15
15
21
21
21
21
21
21
24
24
24
24
24
24
21
21
21
21
21
21
22
22
22
22
22
22
21
21
22
22
21
21
22
22
21
21
22
22
21
21
22
22
23
23
23
23
23
23
21
21
23
23
23
23
23
23
23
23
23
23
23
23
23
23
20
20
20
20
20
20
20
20
20
20
20
20
20
20
21
21
19
19
19
19
19
19
19
19
21
21
19
19
19
19
21
21
19
19
19
19
21
21
19
19
18
18
18
18
18
18
18
18
18
18
18
18
18
18
18
18
18
18
18
18
18
18
5
5
5
5
5
5
5
5
5
5
5
5
5
5
5
5
4
4
4
4
4
4
4
4
5
5
4
4
4
4
4
4
4
4
4
4
5
5
4
4
3
3
3
3
3
3
3
3
3
3
3
3
3
3
3
3
3
3
3
3
3
3
17
17
2
2
17
2
17
17
17
17
17
17
2
2
2
2
2
2
1
1
1
1
1
1
2
2
2
2
2
2
2
2
2
2
2
2
2
2
2
2
0
0
0
0
0
0
0
0
0
0
0
0
1
1
1
1
1
1
1
1
0
0
8
8
9
9
9
9
8
8
8
8
8
8
9
9
10
10
10
10
11
11
11
11
11
11
10
10
10
10
10
10
10
10
10
10
10
10
10
10
10
10
11
11
11
11
11
11
10
10
11
11
11
11
11
11
11
11
11
11
11
11
11
11
9
9
9
9
9
9
9
9
9
9
9
9
8
8
8
8
8
8
7
7
7
7
7
7
8
8
7
7
8
8
7
7
8
8
7
7
8
8
7
7
6
6
6
6
6
6
8
8
6
6
6
6
6
6
6
6
6
6
6
6
6
6
26
26
29
29
29
29
30
30
30
30
30
30
29
29
29
29
29
29
30
30
30
30
30
30
29
29
29
29
29
29
29
29
29
29
30
30
29
29
29
29
28
28
28
28
28
28
28
28
28
28
28
28
28
28
28
28
28
28
28
28
28
28
31
31
31
31
31
31
25
25
25
25
25
25
31
31
26
26
26
26
27
27
27
27
27
27
26
26
26
26
26
26
26
26
26
26
26
26
26
26
26
26
27
27
27
27
27
27
26
26
27
27
26
27
25
25
25
25
25
25
25
25
27
27
31
31
34
31
34
31
34
34
34
34
34
34
31
31
31
31
32
32
32
32
32
32
32
32
31
31
32
32
32
32
31
31
32
32
32
32
31
31
32
32
33
33
33
33
33
33
33
33
33
33
33
33
33
33
33
33
33
33
33
33
33
33
42
42
42
42
42
42
42
42
42
42
42
42
36
36
36
36
36
36
34
34
34
34
34
34
36
36
34
34
36
36
36
36
36
36
36
36
36
36
36
36
35
35
35
35
35
35
35
35
35
35
35
35
35
35
35
35
35
35
35
35
35
35
39
39
39
39
39
39
39
39
39
39
39
39
41
41
41
41
41
41
42
42
42
42
42
42
41
41
41
41
41
41
41
41
41
41
42
42
41
41
41
41
40
40
40
40
40
40
40
40
40
40
40
40
40
40
40
40
40
40
40
40
40
40
43
43
43
43
43
43
43
43
43
43
43
43
43
43
39
39
43
43
38
38
38
38
38
38
39
39
38
38
38
38
39
39
38
38
38
38
39
39
38
38
37
37
37
37
37
37
37
37
37
37
37
37
37
37
37
37
37
37
37
37
37
37
45
45
45
45
45
45
45
45
45
45
45
45
45
45
43
43
45
45
44
44
44
44
44
44
43
43
44
44
44
44
44
44
44
44
44
44
43
43
44
44
47
47
47
47
47
47
47
47
47
47
47
47
47
47
47
47
47
47
47
47
47
47
46
46
46
46
46
46
46
46
46
46
46
46
48
48
48
48
48
48
46
46
46
46
46
46
48
48
48
48
48
48
48
48
48
48
48
48
48
48
48
48
49
49
49
49
49
49
49
49
49
49
49
49
49
49
49
49
49
49
49
49
49
49
72
72
72
72
72
72
68
68
68
68
68
68
72
72
72
72
71
71
71
71
71
71
71
71
71
71
71
71
71
71
71
71
71
71
71
71
72
72
74
74
74
74
74
74
72
72
72
72
74
74
74
74
74
74
74
74
74
74
74
74
72
72
62
62
62
62
62
62
62
62
62
62
62
62
70
70
70
70
69
69
69
69
69
69
69
69
69
69
69
69
69
69
69
69
69
69
69
69
70
70
68
68
68
68
68
68
70
70
70
70
70
70
70
70
70
70
70
70
70
70
68
68
70
70
67
67
67
67
67
67
67
67
67
67
67
67
62
62
62
62
63
63
63
63
63
63
63
63
63
63
63
63
62
62
63
63
63
63
63
63
63
63
64
64
64
64
64
64
64
64
64
64
64
64
64
64
64
64
64
64
64
64
64
64
62
62
65
65
65
65
65
65
65
65
65
65
65
65
65
65
66
66
67
67
67
67
67
67
66
66
66
66
66
66
66
66
66
66
66
66
66
66
66
66
73
73
73
73
73
73
73
73
73
73
73
73
73
73
73
73
73
73
73
73
73
73
66
66
61
61
61
61
61
61
61
61
61
61
61
61
61
61
65
65
58
58
58
58
58
58
58
58
58
58
58
58
65
65
58
58
68
68
68
68
58
58
56
56
56
56
56
56
58
56
56
56
56
56
56
56
56
56
56
56
56
56
56
56
65
65
59
59
59
59
59
59
59
59
59
59
59
59
61
61
60
60
60
60
60
60
60
60
60
60
60
60
61
60
61
61
60
60
60
60
60
60
60
60
57
57
57
57
57
57
57
57
57
57
57
57
57
57
57
57
57
57
57
57
57
57
61
60
55
55
55
55
55
55
55
55
55
55
55
55
54
54
54
54
55
55
55
55
55
55
55
55
54
54
54
54
54
54
54
54
54
54
54
54
54
54
59
59
59
59
59
59
53
53
53
53
53
53
53
53
53
53
53
53
53
53
59
59
54
54
51
51
51
51
51
51
51
51
51
51
51
51
51
51
51
51
50
50
50
50
50
50
50
50
50
50
50
50
50
50
50
50
50
50
50
50
51
51
52
52
52
52
52
52
52
52
52
52
52
52
52
52
52
52
52
52
52
52
52
52
51
51
88
88
88
88
88
88
88
88
88
88
88
88
91
91
91
91
92
92
92
92
92
92
91
91
91
91
91
91
91
91
91
91
91
91
91
91
91
91
90
90
90
90
90
90
90
90
90
90
90
90
90
90
90
90
90
90
90
90
90
90
91
91
97
97
97
97
97
97
97
97
97
97
97
97
97
97
89
89
88
88
88
88
89
89
89
89
89
89
89
89
89
89
89
89
89
89
89
89
89
89
87
87
87
87
87
87
87
87
87
87
87
87
87
87
87
87
87
87
87
87
87
87
89
89
99
99
99
99
99
99
99
99
99
99
99
99
96
96
96
96
96
96
96
96
96
96
96
96
96
96
96
96
96
96
96
96
96
96
96
96
96
96
98
98
98
98
98
98
98
98
98
98
98
98
98
98
98
98
98
98
98
98
98
98
96
96
94
94
94
94
94
94
94
94
94
94
94
94
94
94
94
94
95
95
95
95
95
95
95
95
95
95
95
95
95
95
95
95
95
95
95
95
95
95
93
93
93
93
93
93
93
93
93
93
93
93
93
93
93
93
93
93
93
93
93
93
94
94
75
75
75
75
75
75
75
75
75
75
75
75
77
77
77
77
75
75
75
75
75
75
77
77
77
77
77
77
77
77
77
77
77
77
77
77
77
77
76
76
76
76
76
76
76
76
76
76
76
76
76
76
76
76
76
76
76
76
76
76
77
77
80
80
80
80
80
80
80
80
80
80
80
80
80
80
80
80
79
79
79
79
79
79
79
79
79
79
79
79
79
79
79
79
79
80
80
80
80
80
78
78
78
78
78
78
78
78
78
78
78
78
78
78
78
78
78
78
78
78
78
78
80
80
85
85
85
85
86
86
86
86
86
86
86
86
85
85
85
85
86
86
86
86
85
85
86
86
86
86
86
86
85
85
85
85
85
85
85
85
85
85
84
84
84
84
84
84
84
84
84
84
84
84
84
84
84
84
84
84
84
84
84
84
85
85
83
83
83
83
83
83
83
83
83
83
83
83
83
83
82
82
82
82
82
82
82
82
82
82
82
82
82
82
83
83
82
82
82
82
82
82
82
82
92
92
92
92
92
92
81
81
81
81
81
81
81
81
81
81
81
81
81
81
92
92
83
82
14
14
14
14
14
14
14
14
14
14
14
14
14
14
12
12
17
17
17
17
17
17
12
12
12
12
12
12
12
12
12
12
12
12
12
12
12
12
16
16
16
16
16
16
16
16
16
16
16
16
16
16
16
16
16
16
16
16
16
16
12
12
24
24
24
24
24
24
24
24
24
24
24
24
14
14
14
14
13
13
13
13
13
13
13
13
13
13
13
13
14
14
13
13
13
13
13
13
13
13
15
15
15
15
15
15
15
15
15
15
15
15
15
15
15
15
15
15
15
15
15
15
14
14
21
21
21
21
24
24
24
24
24
24
24
24
21
21
21
21
22
22
22
22
22
22
22
22
22
22
22
22
21
21
22
22
22
22
22
22
21
21
23
23
23
23
23
23
21
21
23
23
23
23
23
23
23
23
23
23
23
23
23
23
21
21
20
20
20
20
20
20
20
20
20
20
20
20
20
20
20
20
19
19
19
19
19
19
19
19
19
21
21
21
21
21
19
19
19
19
19
19
19
19
18
18
18
18
18
18
18
18
18
18
18
18
18
18
18
18
18
18
18
18
18
18
20
20
5
5
5
5
5
5
5
5
5
5
5
5
5
5
5
5
4
4
4
4
4
4
4
4
4
4
4
4
5
5
4
4
4
4
4
4
4
4
3
3
3
3
3
3
4
4
3
3
3
3
3
3
3
3
3
3
3
3
3
3
5
5
17
17
2
2
17
17
17
17
17
17
17
17
2
2
2
2
1
1
1
1
1
1
2
2
2
2
2
2
2
2
2
2
2
2
2
2
2
2
0
0
0
0
0
0
0
0
0
0
0
0
1
1
1
1
1
1
1
1
0
0
2
2
8
8
9
9
8
8
8
8
8
8
8
8
9
9
10
10
11
11
11
11
11
11
10
10
10
10
10
10
10
10
10
10
10
10
10
10
10
10
11
11
11
11
11
11
10
10
11
11
11
11
11
11
11
11
11
11
11
11
11
11
10
10
9
9
9
9
9
9
9
9
9
9
9
9
8
8
8
8
7
7
7
7
7
7
7
7
7
7
7
7
8
8
7
7
7
7
7
7
8
8
6
6
6
6
6
6
8
8
6
6
6
6
6
6
6
6
6
6
6
6
6
6
8
8
26
26
29
29
29
29
30
30
30
30
30
30
29
29
29
29
30
30
30
30
30
30
29
29
29
29
29
29
29
29
30
30
29
29
29
29
29
29
28
28
28
28
28
28
28
28
28
28
28
28
28
28
28
28
28
28
28
28
28
28
29
29
31
31
31
31
25
25
25
25
25
25
25
25
31
31
26
26
27
27
27
27
27
27
26
26
26
26
26
26
26
26
26
26
26
26
26
26
26
26
27
27
27
27
27
27
26
26
27
27
25
25
25
25
25
25
25
25
25
25
27
27
26
26
31
31
31
31
34
34
34
34
34
34
34
34
31
31
31
31
32
32
32
32
32
32
32
32
32
31
31
31
31
31
32
32
32
32
32
32
32
32
33
33
33
33
33
33
33
33
33
33
33
33
33
33
33
33
33
33
33
33
33
33
31
31
42
42
36
36
42
42
42
42
42
42
42
42
36
36
36
36
34
34
34
34
34
34
34
34
36
36
36
36
36
36
36
36
36
36
36
36
36
36
35
35
35
35
35
35
35
35
35
35
35
35
35
35
35
35
35
35
35
35
35
35
36
36
39
39
39
39
39
39
39
39
39
39
39
39
41
41
41
41
42
42
42
42
42
42
42
41
41
41
41
41
41
41
41
41
41
41
41
41
41
41
40
40
40
40
40
40
40
40
40
40
40
40
40
40
40
40
40
40
40
40
40
40
41
41
43
43
43
43
43
43
43
43
43
43
43
43
43
43
38
38
38
38
38
38
38
38
38
38
38
39
39
39
39
39
38
38
38
38
38
38
38
38
37
37
37
37
37
37
37
37
37
37
37
37
37
37
37
37
37
37
37
37
37
37
38
38
45
45
45
45
45
45
45
45
45
45
45
45
45
45
44
44
44
44
44
44
44
44
44
44
44
44
44
44
43
43
44
44
44
44
44
44
44
44
47
47
47
47
47
47
47
47
47
47
47
47
47
47
47
47
47
47
47
47
47
47
44
44
46
46
46
46
46
46
46
46
46
46
46
46
48
48
48
48
46
46
46
46
46
46
48
48
48
48
48
48
48
48
48
48
48
48
48
48
48
48
49
49
49
49
49
49
49
49
49
49
49
49
49
49
49
49
49
49
49
49
49
49
48
48
